25 108956
26 13617
27 15498
28 3405
29 1703
30 3875
31 855
32 1939
33 424
34 872
35 94
36 255
37 371
38 22
39 90
40 161
41 229
42 254
43 20
44 29
45 42
46 66
47 73
48 64
49 74
50 69
51 67
52 61
53 43
54 28
55 22
56 9
57 3
58 230
59 227
60 201
61 140
62 113
63 108
64 77
65 52
66 23
67 27
68 16
69 17
70 49
71 29
72 38
73 28
74 61
75 75
76 51
77 67
78 100
79 97
80 80
81 91
82 48
83 112
84 98
85 120
86 126
87 130
88 160
89 165
90 169
91 214
92 208
93 240
94 253
95 10
96 16
97 36
98 46
99 76
100 58
101 55
102 59
103 41
104 31
105 27
106 12
107 5
108 2
109 234
110 246
111 250
112 243
113 255
114 249
115 235
116 252
117 1
118 7
119 6
120 15
121 34
122 35
123 51
124 71
125 75
126 93
127 91
128 101
129 110
130 102
131 86
132 85
133 78
134 62
135 47
136 57
137 52
138 68
139 79
140 87
141 88
142 97
143 106
144 108
145 105
146 83
147 96
148 89
149 81
150 94
151 95
152 99
153 116
154 122
155 119
156 118
157 112
158 103
159 90
160 72
161 44
162 32
163 17
164 0
165 251
166 247
167 226
168 209
169 222
170 184
171 197
172 241
173 223
174 215
175 196
176 200
177 219
178 168
179 109
180 81
181 39
182 26
183 485
184 456
185 437
186 457
187 497
188 462
189 463
190 8
191 37
192 43
193 79
194 96
195 131
196 60
197 66
198 74
199 42
200 46
201 78
202 50
203 53
204 76
205 121
206 107
207 155
208 164
209 141
210 99
211 154
212 101
213 36
214 496
215 370
216 254
217 18
218 19
219 873
220 191
221 426
222 190
223 1938
224 854
225 3873
226 3872
227 1700
228 1701
229 15499
230 15497
231 30992
232 13618
233 13616
234 30993
235 108957
238 108958
242 54477
244 108959
245 54476
